1	38.59
2	38.59
3	38.59
4	38.59
5	38.59
6	38.59
7	38.59
8	38.59
9	38.59
10	38.59
11	38.59
12	38.59
13	38.59
14	38.59
15	38.59
16	38.59
17	38.59
18	38.59
19	38.59
20	38.59
21	38.59
22	38.59
23	38.59
24	38.59
25	38.59
26	38.59
27	38.59
28	38.59
29	38.59
30	38.59
31	38.59
32	38.59
33	38.59
34	38.59
35	38.59
36	38.59
37	38.59
38	38.59
39	38.59
40	38.59
41	38.59
42	38.59
43	38.59
44	38.59
45	38.59
46	38.59
47	38.59
48	38.59
49	38.59
50	38.59
51	38.59
52	38.59
53	12.57
54	12.57
55	12.57
56	12.57
57	12.57
58	12.57
59	12.57
60	12.57
61	12.57
62	12.57
63	12.57
64	12.57
65	12.57
66	12.57
67	12.57
68	12.57
69	12.57
70	12.57
71	12.57
72	12.57
73	12.57
74	12.57
75	12.57
76	12.57
77	12.57
78	12.57
79	12.57
80	12.57
81	12.57
82	12.57
83	12.57
84	12.57
85	58.94
86	58.94
87	58.94
88	58.94
89	58.94
90	58.94
91	58.94
92	58.94
93	58.94
94	58.94
95	58.94
96	0
97	0
98	0
99	0
100	0
101	0
102	0
103	0
104	0
105	0
106	0
107	0
108	0
109	0
110	0
111	0
112	0
113	0
114	0
115	0
116	0
117	0
118	0
119	0
120	0
121	0
122	0
123	0
124	0
125	0
126	0
127	0
128	0
129	0
130	0
131	0
132	0
133	0
134	0
135	0
136	0
137	0
138	0
139	0
140	0
141	0
142	0
143	0
144	0
145	0
146	0
147	0
148	0
149	0
150	0
151	0
152	0
153	0
154	0
155	0
156	0
157	0
158	0
159	0
160	0
161	0
162	0
163	0
164	0
165	0
166	0
167	0
168	0
169	0
170	0
171	0
172	0
173	0
174	0
175	0
176	0
177	0
178	0
179	0
180	0
181	0
182	0
183	0
184	0
185	0
186	0
187	0
188	0
189	0
190	0
191	0
192	0
193	0
194	0
195	0
196	0
197	0
198	0
199	0
200	0
201	0
202	0
203	0
204	0
205	0
206	0
207	0
208	0
209	0
210	0
211	0
212	0
213	0
214	0
215	21.9
216	21.9
217	21.9
218	21.9
219	21.9
220	21.9
221	21.9
222	21.9
223	21.9
224	0
225	0
226	0
227	0
228	0
229	0
230	0
231	0
232	0
233	0
234	0
235	0
236	0
237	0
238	0
239	0
240	0
241	0
242	0
243	0
244	0
245	0
246	0
247	0
248	0
249	0
250	0
251	0
252	0.61
253	0.61
254	0.61
255	0.61
256	0.61
257	0.61
258	0.61
259	0.61
260	0.61
261	0.61
262	0.61
263	0.61
264	0.61
265	0.61
266	0.61
267	0.61
268	0.61
269	0.61
270	0.61
271	0.61
272	0.61
273	0.61
274	0.61
275	0.61
276	0.61
277	0.61
278	0.61
279	0.61
280	0.61
281	0.61
282	0.61
283	0.61
284	0.61
285	0.61
286	0.61
287	0.61
288	0.61
289	0.61
290	0.61
291	61.3
292	61.3
293	61.3
294	61.3
295	61.3
296	61.3
297	61.3
298	61.3
299	61.3
300	61.3
301	61.3
302	61.3
303	61.3
304	61.3
305	61.3
306	61.3
307	61.3
308	61.3
309	61.3
310	61.3
311	61.3
312	61.3
313	61.3
314	61.3
315	61.3
316	61.3
317	61.3
318	61.3
319	61.3
320	61.3
321	61.3
322	61.3
323	61.3
324	61.3
325	61.3
326	61.3
327	61.3
328	61.3
329	61.3
330	61.3
331	61.3
332	61.3
333	61.3
334	61.3
335	61.3
336	61.3
337	61.3
338	61.3
339	61.3
340	61.3
341	61.3
342	61.3
343	61.3
344	61.3
345	61.3
346	61.3
347	61.3
348	61.3
349	61.3
350	61.3
351	61.3
352	61.3
353	61.3
354	61.3
355	61.3
356	61.3
357	61.3
358	61.3
359	61.3
360	61.3
361	61.3
362	61.3
363	3.5
364	3.5
365	3.5
366	3.5
367	3.5
368	3.5
369	3.5
370	3.5
371	3.5
372	3.5
373	3.5
374	3.5
375	3.5
376	3.5
377	3.5
378	3.5
379	3.5
380	3.5
381	3.5
382	3.5
383	3.5
384	3.5
385	3.5
386	3.5
387	3.5
388	3.5
389	3.5
390	3.5
391	3.5
392	3.5
393	3.5
394	3.5
395	3.5
396	61.3
397	61.3
398	61.3
399	61.3
400	61.3
401	61.3
402	61.3
403	61.3
404	61.3
405	61.3
406	61.3
407	61.3
408	61.3
409	61.3
410	61.3
411	61.3
412	61.3
413	61.3
414	61.3
415	61.3
416	61.3
417	61.3
418	61.3
419	61.3
420	61.3
421	61.3
422	61.3
423	61.3
424	61.3
425	61.3
426	61.3
427	61.3
428	61.3
429	61.3
430	61.3
431	61.3
432	61.3
433	61.3
434	61.3
435	61.3
436	61.3
437	61.3
438	61.3
439	61.3
440	61.3
441	61.3
442	61.3
443	61.3
444	61.3
445	61.3
446	61.3
447	61.3
448	61.3
449	61.3
450	61.3
451	61.3
452	61.3
453	61.3
454	61.3
455	61.3
456	61.3
457	61.3
458	61.3
459	61.3
460	61.3
461	61.3
462	61.3
463	61.3
464	61.3
465	61.3
466	61.3
467	61.3
468	61.3
469	61.3
470	61.3
471	61.3
472	61.3
473	61.3
474	61.3
475	61.3
476	61.3
477	61.3
478	61.3
479	61.3
480	61.3
481	61.3
482	61.3
483	61.3
484	61.3
485	61.3
486	61.3
487	61.3
488	61.3
489	61.3
490	61.3
491	61.3
492	61.3
493	61.3
494	61.3
495	61.3
496	61.3
497	61.3
498	61.3
499	61.3
500	61.3
501	61.3
502	61.3
503	61.3
504	61.3
505	61.3
506	61.3
507	61.3
508	61.3
509	61.3
510	61.3
511	61.3
512	61.3
513	61.3
514	61.3
515	61.3
516	61.3
517	61.3
518	61.3
519	61.3
520	61.3
521	61.3
522	61.3
523	61.3
524	61.3
525	61.3
526	61.3
527	61.3
528	61.3
529	61.3
530	61.3
531	61.3
532	61.3
533	61.3
534	61.3
535	61.3
536	61.3
537	61.3
538	61.3
539	61.3
540	61.3
541	61.3
542	61.3
543	61.3
544	61.3
545	61.3
546	61.3
547	61.3
548	61.3
549	61.3
550	61.3
551	61.3
552	61.3
553	61.3
554	61.3
555	61.3
556	61.3
557	61.3
558	61.3
559	61.3
560	61.3
561	61.3
562	61.3
563	61.3
564	61.3
565	61.3
566	61.3
567	61.3
568	61.3
569	61.3
570	61.3
571	61.3
572	61.3
573	61.3
574	61.3
575	61.3
576	61.3
577	61.3
578	61.3
579	61.3
580	61.3
581	61.3
582	61.3
583	61.3
584	61.3
585	61.3
586	61.3
587	61.3
588	61.3
589	61.3
590	61.3
591	61.3
592	61.3
593	61.3
594	61.3
595	61.3
596	61.3
597	61.3
598	61.3
599	61.3
600	61.3
601	61.3
602	61.3
603	61.3
604	61.3
605	61.3
606	61.3
607	61.3
608	61.3
609	61.3
610	61.3
611	61.3
612	61.3
613	61.3
614	61.3
615	61.3
616	61.3
617	61.3
618	61.3
619	61.3
620	61.3
621	61.3
622	61.3
623	61.3
624	61.3
625	61.3
626	61.3
627	61.3
628	61.3
629	61.3
630	61.3
631	61.3
632	61.3
633	61.3
634	61.3
635	61.3
636	61.3
637	61.3
638	61.3
639	61.3
640	61.3
641	61.3
642	61.3
643	61.3
644	61.3
645	61.3
646	61.3
647	61.3
648	61.3
649	61.3
650	61.3
651	61.3
652	61.3
653	61.3
654	61.3
655	61.3
656	61.3
657	61.3
658	61.3
659	61.3
660	61.3
661	61.3
662	61.3
663	61.3
664	61.3
665	61.3
666	61.3
667	61.3
668	61.3
669	61.3
670	61.3
671	61.3
672	61.3
673	61.3
674	61.3
675	61.3
676	61.3
677	61.3
678	61.3
679	61.3
680	61.3
681	61.3
682	61.3
683	61.3
684	61.3
685	61.3
686	61.3
687	61.3
688	61.3
689	61.3
690	61.3
691	61.3
692	61.3
693	61.3
694	61.3
695	61.3
696	61.3
697	61.3
698	61.3
699	61.3
700	61.3
701	61.3
702	61.3
703	61.3
704	61.3
705	61.3
706	61.3
707	61.3
708	61.3
709	61.3
710	61.3
711	61.3
712	61.3
713	61.3
714	61.3
715	61.3
716	61.3
717	61.3
718	61.3
719	61.3
720	61.3
721	61.3
722	61.3
723	61.3
724	61.3
725	61.3
726	61.3
727	61.3
728	61.3
729	61.3
730	61.3
731	61.3
732	61.3
733	61.3
734	61.3
735	61.3
736	61.3
737	61.3
738	61.3
739	61.3
740	61.3
741	61.3
742	61.3
743	61.3
744	61.3
745	61.3
746	61.3
747	61.3
748	61.3
749	61.3
750	61.3
751	61.3
752	61.3
753	61.3
754	61.3
755	61.3
756	61.3
757	61.3
758	61.3
759	61.3
760	61.3
761	61.3
762	61.3
763	61.3
764	61.3
765	61.3
766	61.3
767	61.3
768	61.3
769	61.3
770	61.3
771	61.3
772	61.3
773	61.3
774	61.3
775	61.3
776	61.3
777	61.3
778	61.3
779	61.3
780	61.3
781	61.3
782	61.3
783	61.3
784	61.3
785	61.3
786	61.3
787	61.3
788	61.3
789	61.3
790	61.3
791	61.3
792	61.3
793	61.3
794	61.3
795	61.3
796	61.3
797	61.3
798	61.3
799	61.3
800	61.3
801	61.3
802	61.3
803	61.3
804	61.3
805	61.3
806	61.3
807	61.3
808	61.3
809	61.3
810	61.3
811	61.3
812	61.3
813	61.3
814	61.3
815	61.3
816	61.3
817	61.3
818	61.3
819	61.3
820	61.3
821	0
822	0
823	0
824	0
825	0
826	0
827	0
828	0
829	0
830	0
831	0
832	0
833	0
834	0
835	0
836	0
837	0
838	0
839	0
840	0
841	0
842	0
843	0
844	0
845	0
846	0
847	0
848	0
849	0
850	0
851	0
852	0
853	0
854	0
855	0
856	0
857	0
858	0
859	0
860	0
861	0
862	0
863	0
864	0
865	0
866	0
867	0
868	0
869	0
870	0
871	0
872	0
873	0
874	0
875	0
876	0
877	0
878	0
879	0
880	0
881	0
882	0
883	0
884	0
885	0
886	0
887	0
888	0
889	0
890	0
891	0
892	0
893	0
894	0
895	0
896	0
897	0
898	0
899	0
900	0
901	0
902	0
903	0
904	0
905	0
906	0
907	0
908	0
909	0
910	0
911	0
912	0
913	0
914	0
915	0
916	0
917	0
918	0
919	0
920	0
921	0
922	0
923	0
924	0
925	0
926	0
927	0
928	0
929	0
930	0
931	0
932	0
933	0
934	0
935	0
936	0
937	0
938	0
939	0
940	0
941	0
942	0
943	0
944	0
945	0
946	0
947	0
948	0
949	0
950	0
951	0
952	0
953	0
954	0
955	0
956	0
957	0
958	0
959	0
960	0
961	0
962	0
963	0
964	0
965	0
966	0
967	0
968	0
969	0
970	0
971	0
972	0
973	0
974	0
975	0
976	0
977	0
978	0
979	0
980	0
981	0
982	0
983	0
984	0
985	0
986	0
987	0
988	0
989	0
990	0
991	0
992	0
993	0
994	0
995	0
996	0
997	0
998	0
999	0
1000	0
1001	0
1002	0
1003	0
1004	0
1005	0
1006	0
1007	0
1008	0
1009	0
1010	0
1011	0
1012	0
1013	0
1014	0
1015	0
1016	0
1017	0
1018	0
1019	0
1020	0
1021	0
1022	0
1023	0
1024	0
1025	0
1026	0
1027	0
1028	0
1029	0
1030	0
1031	0
1032	0
1033	0
1034	0
1035	0
1036	0
1037	0
1038	0
1039	0
1040	0
1041	0
1042	0
1043	0
1044	0
1045	0
1046	0
1047	0
1048	0
1049	0
1050	0
1051	0
1052	0
1053	0
1054	0
1055	0
1056	0
1057	0
1058	0
1059	0
1060	0
1061	0
1062	0
1063	0
1064	0
1065	0
1066	0
1067	0
1068	0
1069	0
1070	0
1071	0
1072	0
1073	0
1074	0
1075	0
1076	0
1077	0
1078	0
1079	0
1080	0
1081	0
1082	0
1083	0
1084	0
1085	0
1086	0
1087	0
1088	0
1089	0
1090	0
1091	0
1092	0
1093	0
1094	0
1095	0
1096	0
1097	0
1098	0
1099	0
1100	0
1101	0
1102	0
1103	0
1104	0
1105	0
1106	0
1107	0
1108	0
1109	0
1110	0
1111	0
1112	0
1113	0
1114	0
1115	0
1116	0
1117	0
1118	0
1119	0
1120	0
1121	0
1122	0
1123	0
1124	0
1125	0
1126	0
1127	0
1128	0
1129	0
1130	0
1131	0
1132	0
1133	0
1134	0
1135	0
1136	0
1137	0
1138	0
1139	0
1140	0
1141	0
1142	0
1143	0
1144	0
1145	0
1146	0
1147	0
1148	0
1149	0
1150	0
1151	0
1152	0
1153	0
1154	0
1155	0
1156	0
1157	0
1158	0
1159	0
1160	0
1161	0
1162	0
1163	0
1164	0
1165	0
1166	0
1167	0
1168	0
1169	0
1170	0
1171	0
1172	0
1173	0
1174	0
1175	0
1176	0
1177	0
1178	0
1179	0
1180	0
1181	0
1182	0
1183	0
1184	0
1185	0
1186	0
1187	0
1188	0
1189	0
1190	0
1191	0
1192	0
1193	0
1194	0
1195	0
1196	0
1197	0
1198	0
1199	0
1200	0
1201	0
1202	0
1203	0
1204	0
1205	0
1206	0
1207	0
1208	0
1209	0
1210	0
1211	0
1212	0
1213	0
1214	0
1215	0
1216	0
1217	0
1218	0
1219	0
1220	0
1221	0
1222	0
1223	0
1224	0
1225	0
1226	0
1227	0
1228	0
1229	0
1230	0
1231	0
1232	0
1233	0
1234	0
1235	0
1236	0
1237	0
1238	0
1239	0
1240	0
1241	0
1242	0
1243	0
1244	0
1245	0
1246	0
1247	0
1248	0
1249	0
1250	0
1251	0
1252	0
1253	0
1254	0
1255	0
1256	0
1257	0
1258	0
1259	0
1260	0
1261	0
1262	0
1263	0
1264	0
1265	0
1266	0
1267	0
1268	0
1269	0
1270	0
1271	0
1272	0
1273	0
1274	0
1275	0
1276	0
1277	0
1278	0
1279	0
1280	0
1281	0
1282	0
1283	0
1284	0
1285	0
1286	0
1287	0
1288	0
1289	0
1290	0
1291	0
1292	0
1293	0
1294	0
1295	0
1296	0
1297	0
1298	0
1299	0
1300	0
1301	0
1302	0
1303	0
1304	0
1305	0
1306	0
1307	0
1308	0
1309	0
1310	0
1311	0
1312	0
1313	0
1314	0
1315	0
1316	0
1317	0
1318	0
1319	0
1320	0
1321	0
1322	0
1323	0
1324	0
1325	0
1326	0
1327	0
1328	0
1329	0
1330	0
1331	0
1332	0
1333	0
1334	0
1335	0
1336	0
1337	0
1338	0
1339	0
1340	0
1341	0
1342	0
1343	0
1344	0
1345	0
1346	0
1347	0
1348	0
1349	0
1350	0
1351	0
1352	0
1353	0
1354	0
1355	0
1356	0
1357	0
1358	0
1359	0
1360	0
1361	0
1362	0
1363	0
1364	0
1365	0
1366	0
1367	0
1368	0
1369	0
1370	0
1371	0
1372	0
1373	0
1374	0
1375	0
1376	0
1377	0
1378	0
1379	0
1380	0
1381	0
1382	0
1383	0
1384	10.08
1385	10.08
1386	10.08
1387	10.08
1388	10.08
1389	10.08
1390	10.08
1391	10.08
1392	0
1393	0
1394	0
1395	0
1396	0
1397	0
1398	0
1399	0
1400	0
1401	0
1402	0
1403	0
1404	0
1405	0
1406	0
1407	0
1408	0
1409	0
1410	0
1411	0
1412	0
1413	0
1414	0
1415	0
1416	0
1417	0
1418	0
1419	0
1420	0
1421	0
1422	0
1423	0
1424	0
1425	0
1426	0
1427	0
1428	0
1429	0
1430	0
1431	0
1432	0
1433	0
1434	0
1435	0
1436	0
1437	0
1438	0
1439	0
1440	0
1441	0
1442	0
1443	0
1444	0
1445	0
1446	0
1447	0
1448	0
1449	0
1450	0
1451	0
1452	0
1453	0
1454	0
1455	0
1456	0
1457	0
1458	0
1459	0
1460	0
1461	0
1462	0
1463	0
1464	0
1465	0
1466	0
1467	0
1468	0
1469	0
1470	0
1471	0
1472	0
1473	0
1474	0
1475	0
1476	0
1477	0
1478	0
1479	0
1480	0
1481	0
1482	0
1483	0
1484	0
1485	0
1486	0
1487	0
1488	0
1489	0
1490	0
1491	0
1492	0
1493	0
1494	0
1495	0
1496	0
1497	0
1498	0
1499	0
1500	0
1501	0
1502	0
1503	0
1504	0
1505	0
1506	0
1507	0
1508	0
1509	0
1510	0
1511	0
1512	0
1513	0
1514	0
1515	0
1516	0
1517	0
1518	0
1519	0
1520	0
1521	0
1522	0
1523	0
1524	0
1525	0
1526	0
1527	0
1528	0
1529	0
1530	0
1531	0
1532	0
1533	0
1534	0
1535	0
1536	0
1537	0
1538	0
1539	0
1540	0
1541	0
1542	0
1543	0
1544	0
1545	0
1546	0
1547	0
1548	0
1549	0
1550	0
1551	0
1552	0
1553	0
1554	0
1555	0
1556	0
1557	0
1558	0