1	1653.25
2	11980.5
3	94
4	74933.25
5	76419.75
6	118447.25
7	81.75
8	1959
9	2312
10	947
11	2721.25
12	466.25
13	27054
14	7825.25
15	22858.25
16	3.25
17	31862.25
18	88032.75
19	112573
20	3130.5
21	115042.25
22	39725.75
23	7717.5
24	18333.75
25	11821.25
26	20287.25
27	19469.75
28	10601.75
29	592
30	47336.75
31	48626.25
32	98188.75
33	54199
34	7377
35	8017
36	40778.75
37	19759
38	41970.75
39	9358
40	753.5
41	22585
42	2657.25
43	38077
44	7474.371247
45	14281.12875
46	48180.75
47	23216.5
48	99333
49	21875.5
50	19969.25
51	131196.5
52	47689
53	4439
54	5901
55	12899
56	7223.9
57	53769
58	69867
59	158457
60	4367
61	52396
62	45187
63	92707
64	40563
65	43877
66	62313
67	23698
68	49715
69	30859
70	39828
71	2137
72	65188
73	58667
74	1910
75	41510
76	10057.62946
77	2081.370541
78	52359
79	81122
80	67251
81	19770
82	75897
83	45733
84	25996
85	113744.75
86	13753.25
87	49320.5
88	2662.25
89	25.5
90	2036.5
91	2609.5
92	171534.75
93	10139.20423
94	17242.29577
95	51866.5
96	154
97	54.75
98	561.5
99	627.75
100	1559.5
101	8.5
102	869.5
103	443.75
104	25
105	2078
106	848.5
107	1700.75
108	3396.75
109	4330.5
110	35495
111	49581.25
112	37075
113	44951.25
114	82711.25
115	65226
116	36823
117	259.75
118	12187.5
119	72259.25
120	108297.5
121	163752.75
122	222943.5
123	21737.87712
124	42771.12288
125	134710.25
126	214619.25
127	114327.25
128	95441.75
129	219636
130	2367
131	55013
132	11651
133	770
134	767
135	30606
136	14493
137	8261
138	1540
139	2200
140	18349
141	5747
142	0
143	3448
144	675
145	6753
146	2313
147	2896
148	2455
149	2631
150	3384
151	208
152	1419
153	9717
154	785
155	0
156	8628
157	407
158	1920
159	15381
160	13934
161	16193
162	2299
163	13241
164	2924
165	0
166	71
167	11250
168	1759
169	1785
170	23399
171	30294
172	12126
173	41963
174	13041
175	7572
176	4137
177	2453
178	44678
179	8588
180	265
181	20167
182	37309
183	4002
184	30519
185	3335.64
186	17571
187	3399
188	7808
189	272
190	5344
191	11027
192	10289
193	10102
194	3292
195	29880
196	3724
197	25905
198	0
199	2082
200	0
201	0
202	0
203	0
204	0
205	0
206	0
207	0
208	36790
209	0
210	5791
211	0
212	5328.36
213	30009
214	3150
215	205.7595
216	1008.5727
217	0
218	49951.787
219	97042.2206
220	31811.5688
221	7246.676531
222	36047.09277
223	87422.0546
224	900
225	4900
226	300
227	1200
228	41900
229	14400
230	1700
231	6000
232	76800
233	19200
234	191700
235	69700
236	10089.65517
237	23100
238	3600
239	115300
240	8100
241	18900
242	3200
243	105700
244	9600
245	1500
246	16700
247	3000
248	18900
249	52610.3
250	1100
251	90700
252	0
253	0
254	0
255	2320.5
256	1667.72
257	3130.12
258	421.52
259	2256
260	1788.77
261	1622.2
262	5543.84
263	5083.2
264	0
265	0
266	4296.68
267	1272.5
268	6928.76
269	1189.36
270	40388.4
271	8103
272	20934.2
273	1499.96
274	21193.64
275	9518.52
276	3190.92
277	1068.61
278	5864
279	13421.48
280	30671.88
281	14054.32
282	2666.24
283	16099.68
284	26577.1
285	17152.87
286	4132.885545
287	11385.47445
288	13835.16
289	23807.76
290	18.44
291	0
292	0.4919
293	14206.7237
294	49.2158
295	34182.8455
296	27099.2987
297	2878.9715
298	1127.096
299	7631.9387
300	766.996
301	845.064
302	791.8913
303	607.7968
304	75.111
305	2251.2466
306	2127.221281
307	13487.16572
308	4734.6854
309	1738.0503
310	9439.9222
311	7661.3047
312	10915.1417
313	3130.5906
314	2812.3573
315	4953.5181
316	3216.3621
317	5786.5956
318	6037.9009
319	3329.3135
320	6993.353
321	6994.766
322	3169.981921
323	4768.008379
324	11798.209
325	2688.9193
326	14422.8371
327	0
328	0
329	0
330	0
331	0
332	10686.3512
333	9907.9872
334	17637.6737
335	57.3579
336	21321.6305
337	18262.5906
338	11645.2981
339	12086.7272
340	11389.9762
341	18432.0198
342	18432.0198
343	7449.5702
344	5190.1632
345	1342.6022
346	17.7848
347	9390.9457
348	12.4525
349	38.6554
350	4560.7659
351	10422.6837
352	18224.4091
353	3862.8898
354	330.7678
355	6851.5158
356	10143.958
357	6125.906
358	6195.7452
359	2055.997356
360	5745.498744
361	19302.8186
362	10299.3567
363	2517.75
364	1710.5
365	2230.25
366	910.75
367	15496.25
368	12823.5
369	389.25
370	1816
371	10010
372	6532.25
373	1440.75
374	24967.75
375	8730.5
376	17151
377	8440
378	11931.75
379	3022.25
380	8673.75
381	9996.5
382	9034.25
383	25126
384	15943.75
385	6129
386	21667.75
387	15164.25
388	1826.157895
389	2593.842105
390	9480.5
391	42509.75
392	7624.5
393	4880.75
394	10055.25
395	20961.25
396	0.017
397	0.1695
398	0
399	0
400	0.001
401	0.0089
402	0.0027
403	0
404	0.0024
405	1539.8702
406	455.3805
407	6307.3439
408	2522.623
409	24.9539
410	1104.0333
411	50.3867
412	16.2879
413	40.386
414	2.8214
415	14.0943
416	5.4621
417	1.0404
418	4011.3624
419	3967.2294
420	3.0594
421	23.5262
422	16.9111
423	122.4373
424	2046.1125
425	3421.2818
426	243.8673
427	247.3771
428	1373.9773
429	38.3968
430	204.1311
431	795.1601
432	1492.3301
433	561.4631
434	373.309
435	2928.6454
436	1894.6495
437	1513.5026
438	1581.0884
439	1612.5431
440	1558.8783
441	994.2516
442	1.9999
443	647.9865
444	1864.2132
445	1014.5521
446	1597.1003
447	1874.9165
448	1070.7511
449	1834.5103
450	1861.3623
451	763.695
452	603.0432
453	6.1979
454	104.9722
455	74.3534
456	89.7285
457	641.0794
458	90.2751
459	41.4617
460	329.9375
461	2135.8456
462	373.5196
463	1.9162
464	7.673
465	404.093
466	28.5782
467	301.2487
468	819.3336
469	1357.0593
470	27.419
471	442.528
472	2359.4788
473	3309.348
474	354.6899
475	2756.8749
476	1617.4349
477	371.9744
478	1207.3027
479	1763.767
480	1673.0306
481	1938.7036
482	99.7511
483	4663.5864
484	1637.2629
485	889.2387
486	684.4669
487	5952.6119
488	3466.9974
489	3983.798
490	5942.8255
491	351.5114
492	30.814
493	236.3439
494	633.6503
495	566.026
496	215.1025
497	801.2318
498	447.2662
499	0.0294
500	390.8609
501	442.9765
502	167.5299
503	653.4082
504	234.0171
505	587.4403
506	274.2849
507	362.1979
508	0
509	112.4808
510	146.3475
511	1301.624
512	6716.7758
513	963.3718
514	4759.4934
515	3652.3579
516	2149.3637
517	4284.9921
518	2576.0934
519	33.0753
520	2504.9539
521	2636.9976
522	2214.6894
523	3396.7193
524	1523.2351
525	3841.5959
526	954.9923
527	587.1759
528	2330.8927
529	2265.5613
530	2767.4671
531	2230.6489
532	1564.7006
533	1153.9567
534	1126.9265
535	183.8082
536	1.6935
537	13.1649
538	478.2055
539	65.4726
540	135.1811
541	78.6513
542	103.5338
543	294.6341
544	158.8483
545	181.6001
546	0.7475
547	18.398
548	4.7657
549	186.9838
550	36.9418
551	344.3982
552	3.3722
553	97.5089
554	8.6715
555	9.2902
556	231.7146
557	92.2854
558	56.2374
559	490.1196
560	103.7966
561	564.5
562	738.75
563	1015.25
564	640.75
565	1327
566	664
567	315.5
568	2601.5486
569	2068.8049
570	1518.3084
571	1699.865
572	3261.5864
573	0.1828
574	885.1679
575	3462.9693
576	1547.654
577	2355.9172
578	3752.0752
579	4511.8969
580	993.8697
581	1054.4877
582	1004.2907
583	2010.0498
584	211.161
585	101.8815
586	119.3664
587	27.6172
588	21.1426
589	17.9539
590	7.9228
591	0.4737
592	0.3605
593	23
594	8
595	123.5
596	329
597	0.75
598	38.25
599	73.25
600	24
601	18.25
602	19
603	16.5
604	326.75
605	27
606	447.25
607	50
608	169.75
609	87.5
610	0.75
611	44.25
612	0.63
613	114.5725
614	1681.4309
615	151.4042
616	456.2506
617	238.463
618	148.2016
619	881.0031
620	177.5451
621	221.1771
622	77.6478
623	366.0957
624	629.0314
625	133.8229
626	725.0039
627	499.3114
628	21.6762
629	64.4561
630	27.7406
631	966.8603
632	2948.7219
633	1352.9497
634	1363.09
635	2250.7204
636	376.1622
637	2817.2828
638	3646.3214
639	657.1838
640	7.2945
641	2464.7591
642	4124.9897
643	609.1249
644	951.7151
645	4901.9157
646	611.7954
647	1399.1712
648	4316.443
649	2998.645
650	2395.119
651	364.6603
652	268.2592
653	346.178
654	3513.3036
655	2513.2239
656	769.3788
657	235.628
658	1185.3549
659	1584.5076
660	1445.3851
661	3506.9557
662	1209.8511
663	490.7733
664	1869.0467
665	565.9524
666	1409.4792
667	4444.0668
668	4802.9601
669	3142.0074
670	375.6808
671	2667.5288
672	1453.1963
673	1.22
674	1346.75
675	1977.5
676	2407.75
677	1095.5
678	7316
679	1512.5
680	2072
681	1247
682	1396.5
683	802.75
684	572
685	1134.75
686	1364.25
687	1682.75
688	1221
689	3903
690	3213
691	2771.75
692	1397.75
693	988.75
694	1227.75
695	2214.75
696	2838.5
697	1329.0423
698	604.768
699	1956.5404
700	4109.7765
701	941.5632
702	768.3243
703	2516.093
704	383.704
705	67.1701
706	17.4137
707	78.3967
708	19.4957
709	9.951
710	2.9737
711	121.6013
712	419.5434
713	513.5117
714	106.0308
715	73.7229
716	0.4644
717	14157.25
718	20839.5
719	4628.75
720	19667
721	26528.25
722	20564.75
723	5809.75
724	23943.5
725	21025.75
726	16108.75
727	16588.5
728	34.25
729	21471.75
730	19668.5
731	12454.75
732	22219.25
733	29013.5
734	23276.25
735	10019.5
736	276.5
737	16656.25
738	11084.5
739	4125.25
740	20711.75
741	11137
742	23670.75
743	14916
744	51.4461
745	455.5325
746	137.0026
747	634.1873
748	42.082
749	823.7097
750	1958.2533
751	7333.3014
752	1121.3555
753	7007.6914
754	2746.6582
755	1181.3873
756	2135.5599
757	8121.3646
758	1537.5048
759	2692.7072
760	9.1723
761	7241.7452
762	3112.1206
763	1177.9613
764	5253.9686
765	3104.9375
766	7592.0834
767	3257.1332
768	53.4008
769	1486.2381
770	3.5121
771	5488.2461
772	0.2526
773	142.805
774	217.5702
775	175.5991
776	497.7637
777	610.9991
778	65.2123
779	183.0582
780	488.248
781	100.3638
782	101.9759
783	615.0743
784	1307.3298
785	3397.8082
786	724.6947
787	407.0359
788	1024.1331
789	395.0888
790	109.7318
791	59.3263
792	806.4061
793	2579.3424
794	2.7585
795	849.9549
796	772.3118
797	471.649
798	654.7054
799	1020.0585
800	8.2375
801	607.1036
802	1354.4005
803	543.9744
804	521.1183
805	69.4916
806	976.6927
807	0.7824
808	492.1691
809	29390.34567
810	3175.036758
811	7621.906043
812	4622.711529
813	197.75
814	53.75
815	285.5
816	334
817	1085.25
818	8.25
819	66.5
820	315.25
821	686.48
822	2361.32
823	7548.08
824	12.2
825	2349.28
826	24.12
827	3852.6
828	3407.08
829	6307.08
830	15639.96
831	570.24
832	764.28
833	226.16
834	1297.36
835	1317.96
836	863
837	103.8
838	93.8
839	146.75
840	2080.5
841	2091.25
842	445.25
843	612.25
844	3291.75
845	90.5
846	300.75
847	1834.75
848	587.25
849	721.75
850	876.5
851	759.75
852	2291.25
853	1639.25
854	3612.25
855	122
856	851.25
857	1130.5
858	151.75
859	2345.25
860	119.25
861	3004
862	609.25
863	3334
864	3137
865	1719.75
866	1528
867	1802.5
868	91.5
869	1273.75
870	166.25
871	4469.25
872	2625.5
873	2737.25
874	2534.25
875	3706.5
876	1794.25
877	2778.75
878	4.5
879	4330
880	8149.5
881	2
882	664.5
883	1049.25
884	533
885	3709.5
886	6941
887	3879
888	0.75
889	8567
890	6834.75
891	2421.75
892	847
893	77.75
894	534.25
895	2630.75
896	4679
897	250.2
898	1.08
899	20.56
900	13.68
901	3096.96
902	1516.48
903	2306.28
904	527.48
905	260.24
906	0.96
907	186.88
908	3326.72
909	14508
910	3171.25
911	12222.5
912	7590.25
913	7714
914	1979.25
915	1925
916	5621.75
917	2367
918	506.12
919	61.8
920	642.2
921	406.64
922	231.76
923	801.48
924	219.52
925	190
926	1027.96
927	786.48
928	66.36
929	568.96
930	627.2
931	489.92
932	656.8
933	45.4
934	178.44
935	15
936	2443
937	3050.5
938	407.25
939	19170
940	324
941	17427.5
942	2876.25
943	564.25
944	85.25
945	0.5
946	404.75
947	3.75
948	475.5
949	315
950	74.75
951	425.75
952	23.25
953	585
954	185.75
955	926
956	3353
957	31
958	587.5
959	1.75
960	2485
961	3125.75
962	393
963	2355.25
964	7
965	35.75
966	6623
967	8073.75
968	5784
969	7980.25
970	3853
971	2898.25
972	669
973	3307
974	5793.75
975	16.75
976	22
977	1.32
978	1066.25
979	2413.25
980	4682.5
981	1101
982	7691.25
983	7323.75
984	4253
985	1165
986	10349.5
987	10238.5
988	3569.75
989	3960.75
990	1447
991	1713.75
992	159.5
993	211.56
994	1554
995	6977.28
996	3956.36
997	12744
998	4292.52
999	3709.72
1000	3261.16
1001	3209.24
1002	17536.16
1003	2494.24
1004	7362.2
1005	7018.6
1006	2084.32
1007	8340.48
1008	7081.52
1009	703.25
1010	6318.8
1011	4214.25
1012	3383.76
1013	6344.92
1014	5882
1015	5606.84
1016	427.25
1017	44.6
1018	3.06
1019	3209.5
1020	0.75
1021	7867
1022	1750.75
1023	1838.75
1024	1316
1025	1473.5
1026	1753.75
1027	1930.25
1028	2683.5
1029	57
1030	922.75
1031	249
1032	2127.5
1033	184.25
1034	4435
1035	1251
1036	1695
1037	1548.75
1038	657.5
1039	560
1040	2852
1041	2407.25
1042	1873.25
1043	641.5
1044	1714.75
1045	0.75
1046	709.5
1047	527
1048	2.5
1049	1701.25
1050	2986.25
1051	278.25
1052	968.24
1053	2074.44
1054	1315.24
1055	1477.4
1056	280.5
1057	887.5
1058	73433
1059	2398
1060	114.5
1061	223.25
1062	142
1063	107416.75
1064	3297
1065	30397.25
1066	17292.75
1067	4
1068	9.84
1069	0
1070	0
1071	0
1072	0
1073	0
1074	0
1075	0.32
1076	0.25
1077	198.5
1078	930.25
1079	1055
1080	655.75
1081	460.5
1082	504.75
1083	1568
1084	403.75
1085	2563
1086	1576.5
1087	12066.75
1088	4793.5
1089	5620
1090	3322.5
1091	35.75
1092	799.5
1093	33
1094	1281.25
1095	2563.5
1096	644
1097	598
1098	805.5
1099	232.5
1100	2119.5
1101	1458
1102	1948.36
1103	2816.75
1104	1490.75
1105	1033.75
1106	2539.44
1107	2.24
1108	2809.64
1109	37
1110	616.96
1111	2233.75
1112	1961.24
1113	1868.84
1114	300.88
1115	1108.84
1116	1312.24
1117	1900.32
1118	11242.92
1119	333.48
1120	1559.75
1121	230.6
1122	4845.64
1123	5731
1124	57.5
1125	159
1126	3454.81
1127	2587.56
1128	1
1129	2195.08
1130	171.52
1131	4934.13
1132	2329.48
1133	4986.68
1134	889.2
1135	2437.31
1136	1757.4
1137	55
1138	2333.26
1139	1121.44
1140	107.68
1141	1979.84
1142	1896.75
1143	27.75
1144	3062.25
1145	522.2
1146	26.5
1147	802.2
1148	193.36
1149	920
1150	1089.48
1151	742.12
1152	756.92
1153	744.44
1154	564.64
1155	351.72
1156	923.68
1157	3
1158	0.75
1159	3.5
1160	7.25
1161	15.5
1162	2
1163	11.25
1164	7
1165	3
1166	1065
1167	604
1168	862.75
1169	957.75
1170	228.75
1171	167.5
1172	777.5
1173	2674.5
1174	305.25
1175	1474.5
1176	1120.25
1177	3705.5
1178	190
1179	43.5
1180	708.75
1181	255.5
1182	66.25
1183	271
1184	417.25
1185	1790.75
1186	335
1187	120.75
1188	4061.08
1189	2150.84
1190	9351.52
1191	4898.24
1192	3468.4
1193	9488.76
1194	1807.08
1195	1368.24
1196	1839.8
1197	747.64
1198	826.12
1199	1895.8
1200	2244.8
1201	698.64
1202	3998.68
1203	4042.48
1204	1987.44
1205	2510.56
1206	1964.48
1207	1472.8
1208	305.24
1209	4634.28
1210	576.16
1211	921.52
1212	1778.32
1213	793.24
1214	1940.16
1215	1067
1216	1071.76
1217	492.8
1218	1431.08
1219	1456.04
1220	2059.56
1221	35.25
1222	590.25
1223	11778.75
1224	25174
1225	16422
1226	27002.5
1227	21856.5
1228	587.25
1229	1.5
1230	23.75
1231	0.5
1232	92.25
1233	30.5
1234	190
1235	26.5
1236	0.25
1237	1.5
1238	534.25
1239	43.2
1240	151.64
1241	138.68
1242	97.28
1243	70.04
1244	30.24
1245	1
1246	53.84
1247	84.72
1248	12647.75
1249	11895.25
1250	3428.5
1251	6536.25
1252	589.5
1253	147
1254	14678.25
1255	5814
1256	4953.75
1257	5135.25
1258	5221.75
1259	4407.5
1260	5177.25
1261	4052
1262	2066.76
1263	6874.36
1264	3081.2
1265	3699.52
1266	2700.64
1267	228.08
1268	4864.92
1269	7544.56
1270	5175.36
1271	8272.84
1272	18820.16
1273	53
1274	8.84
1275	28.28
1276	1803.96
1277	2.92
1278	110.12
1279	1762.56
1280	95.32
1281	1560.88
1282	1048.28
1283	1557.24
1284	588.8
1285	263.76
1286	78.5
1287	1055.75
1288	8426.75
1289	26402.25
1290	110.75
1291	3355.75
1292	9042.75
1293	29716.75
1294	365.5
1295	10703.25
1296	260.25
1297	714
1298	26234.25
1299	11.5
1300	18512.25
1301	21290
1302	2107.25
1303	2136
1304	3744.5
1305	1740.5
1306	206.75
1307	1555.25
1308	1425.25
1309	10780
1310	300
1311	18696.75
1312	19585.25
1313	17486
1314	19481
1315	12998.5
1316	3798.25
1317	4785
1318	5.25
1319	12449
1320	27670
1321	89.75
1322	438
1323	465
1324	3619.25
1325	11691.25
1326	1284
1327	8019.25
1328	14076.5
1329	20480.75
1330	17178.75
1331	282.8
1332	0
1333	6.06
1334	0
1335	567.28
1336	3.48
1337	114.25
1338	41.64
1339	295.44
1340	0
1341	1122.72
1342	68.75
1343	2608.68
1344	2885.12
1345	410.4
1346	4607.68
1347	2768.72
1348	121.5
1349	4488
1350	3592.5
1351	7187
1352	4635
1353	196.75
1354	2803
1355	6619.25
1356	184.75
1357	1532.75
1358	1178.25
1359	3224.25
1360	3389
1361	721.5
1362	43
1363	934.25
1364	18.25
1365	24
1366	109.75
1367	274
1368	21.5
1369	6.5
1370	3164.25
1371	2665.5
1372	308.75
1373	801.5
1374	561
1375	242.28
1376	1787
1377	9.5
1378	16
1379	2113.5
1380	3201.5
1381	4.75
1382	25.5
1383	1018.25
1384	17316.68
1385	39926.32
1386	4761.4
1387	23523.8
1388	12500.8
1389	14849.96
1390	32206.96
1391	3323.68
1392	1073.75
1393	204.25
1394	1312.25
1395	798.25
1396	894.25
1397	88.5
1398	3708.25
1399	1726.75
1400	280.75
1401	325
1402	19357.5
1403	37377.5
1404	11814.75
1405	2779
1406	11006.75
1407	4886
1408	2425.25
1409	7607.75
1410	25455
1411	1371.25
1412	47.75
1413	2129.75
1414	25971.25
1415	9539.5
1416	10077.75
1417	2239.25
1418	13412.5
1419	18351.75
1420	3552.96
1421	42.28
1422	20034.6
1423	9365
1424	7098.16
1425	1863.4
1426	3303.12
1427	2410.56
1428	3007.24
1429	3666.52
1430	10595.6
1431	9920.48
1432	8650.4
1433	9242.64
1434	6152.72
1435	10246.8
1436	6112.04
1437	3
1438	0
1439	887.8
1440	6996.68
1441	7465.4
1442	13426.32
1443	12848.32
1444	13806.08
1445	25371.56
1446	4457.16
1447	46.04
1448	14.56
1449	4.4
1450	2401.25
1451	2408.75
1452	3792.75
1453	6650.5
1454	3779.5
1455	25.24
1456	147.32
1457	32.96
1458	372
1459	2343.5
1460	392
1461	2330.75
1462	711
1463	2222.5
1464	1850.25
1465	4023.25
1466	5010.75
1467	299.25
1468	3206.25
1469	2534
1470	820.5
1471	3326.75
1472	773.5
1473	1776.75
1474	5321
1475	4689
1476	2423.75
1477	1640.75
1478	429.75
1479	117.25
1480	61.25
1481	1266.25
1482	483.25
1483	4709.25
1484	2914
1485	1336.25
1486	99.75
1487	1815.8
1488	628.75
1489	3283.75
1490	1092.5
1491	2247
1492	641.75
1493	1105.96
1494	715.5
1495	882
1496	80.6
1497	6.25
1498	2728.5
1499	976.11
1500	720.64
1501	476.5
1502	1045.07
1503	2555.25
1504	869.75
1505	92.5
1506	193
1507	472.04
1508	1043.5
1509	1132
1510	1870.5
1511	491.5
1512	60.25
1513	4470.75
1514	476.25
1515	1606.34
1516	2080.25
1517	936.75
1518	1085.5
1519	616.52
1520	382
1521	474
1522	799.91
1523	439.75
1524	1506.75
1525	218
1526	413
1527	1675.25
1528	1074.12
1529	2101
1530	1562
1531	262.2
1532	829.84
1533	262.21
1534	543
1535	1902.25
1536	1656.5
1537	745.25
1538	888.25
1539	15881.92
1540	7153
1541	10866.68
1542	5436.64
1543	2037.84
1544	2549.72
1545	4750.96
1546	4412.16
1547	15537.08
1548	4478.8
1549	83.6
1550	63.32
1551	15725.16
1552	9731
1553	13821.84
1554	11225.76
1555	19315.04
1556	8406.28
1557	9274.36
1558	14274.12